1191
1085
13
1446
269
2268
272
2151
1520
812
415
2120
943
1810
849
2154
904
1944
1120
1890
2202
110
1823
1743
1171
516
2262
2339
58
1126
208
121
1248
247
192
170
1498
1521
1622
980
2179
1213
2393
2473
47
2012
1057
2287
210
2
467
2136
370
1845
1872
2105
2290
1516
2310
2492
1352
340
1580
2307
1084
915
451
1354
337
1641
1341
738
1952
1246
248
168
763
1372
888
691
1710
1101
686
2101
2107
1268
1440
2178
144
2463
655
1247
806
2421
1848
2229
1264
1313
1021
1071
437
2285
1424
393
2206
1369
207
1156
2366
1109
115
2149
2001
2297
125
1631
844
2422
1141
1186
717
579
853
267
335
99
2301
2497
255
1576
500
1392
2172
1419
1730
658
226
583
1175
1146
1451
1138
314
661
920
2275
289
715
1912
2474
2481
414
1178
1722
46
1410
644
1591
241
2271
527
704
463
894
2258
670
1416
1198
829
1831
1378
679
1633
847
2112
651
1833
1384
1930
1504
71
453
2350
457
682
2465
752
2464
2058
1636
1391
804
2387
2425
1405
1443
1508
26
818
256
2119
620
1439
559
693
270
1676
1571
1058
736
220
1371
490
1568
1705
278
1678
328
60
561
1245
2383
1259
2163
1375
225
387
2142
1005
1940
258
869
1945
680
1490
851
205
153
1207
1702
1022
1015
1180
1998
1325
870
751
369
174
1663
1361
907
1669
974
1299
2416
777
1222
1813
1971
1778
2317
705
424
464
186
1350
928
2430
1342
1662
1899
471
1541
1103
1337
40
2319
1752
386
999
250
1080
54
1834
1900
215
150
2433
1732
1941
1829
2261
158
666
1225
2288
677
2484
1064
199
64
908
474
1192
1166
554
317
1425
2221
640
2199
780
931
128
2121
1187
2435
1464
958
1266
2379
2211
1279
445
2061
1502
332
848
1802
55
151
1707
1387
2328
1783
2306
2308
321
2214
421
66
1914
1238
283
1592
1990
930
318
1842
567
351
2230
539
28
1948
178
1385
2053
1284
1917
2408
1548
291
842
1673
1355
1553
68
2255
892
1234
1530
1115
1035
1452
331
1850
1176
364
362
967
2326
479
2135
2324
553
36
1615
1331
411
863
1525
673
1227
2222
2281
923
316
629
1836
1075
1076
1788
38
2244
1366
2071
970
1728
1311
646
96
2338
1494
1220
2158
260
534
836
926
724
770
1950
25
1961
595
1121
70
1656
465
2432
1753
1328
1231
2316
1243
1007
146
1554
2227
2298
2153
942
1319
801
2043
784
1362
2070
2131
614
840
1564
703
2192
230
1953
1966
341
448
1746
1698
1421
1882
1503
1924
2175
2482
259
2395
1959
2027
24
1980
1824
794
385
1273
1963
509
2378
11
723
536
373
914
1044
1748
1906
1852
2040
2260
2176
2429
1097
884
607
731
1271
2146
1929
977
568
2074
1233
2247
2371
218
573
590
1589
2340
399
572
748
238
101
619
1869
1236
2453
504
919
1540
1184
508
1750
1535
1312
1552
767
239
119
2434
2388
407
1158
313
294
429
732
1302
1140
2169
327
827
586
502
1577
35
1496
506
2067
535
1039
300
1928
1418
484
2391
161
305
1229
795
235
934
311
195
288
1777
2233
2283
530
1305
63
2164
310
1645
918
2006
2047
1967
709
1067
1476
810
1463
2291
134
42
1435
102
1212
1147
939
1159
501
1066
1179
1765
50
2014
2289
1403
1051
1200
951
106
1033
1772
2392
2069
1450
1954
396
1148
94
312
1613
1336
2358
2351
357
2209
721
65
1402
1081
1422
2139
699
988
1981
1169
488
1897
562
142
2048
2251
2008
1037
1978
1855
757
538
1784
1298
2479
1747
2046
460
1123
596
1726
1808
1170
690
2066
1846
823
858
371
1241
2240
672
1012
1646
1974
2100
824
1916
1544
136
280
588
334
338
271
360
1483
1625
2450
605
2152
2348
597
906
1431
97
1798
495
473
2441
2377
1413
1449
950
1429
1887
2140
222
549
1043
1876
2402
1093
569
802
2235
581
1318
140
1766
1738
2239
946
284
630
1942
1910
2143
388
82
1106
610
1136
2314
1603
593
1441
700
1469
2198
455
2400
850
632
377
769
1059
345
2052
1338
2072
937
163
1151
1228
390
1195
1436
564
2398
91
1396
1761
938
785
744
696
2000
1756
2092
867
1510
67
2280
639
2407
1196
333
1315
956
1185
1254
2486
766
1919
2093
1073
1797
782
1816
1459
1675
1881
286
1522
1697
253
2200
1749
2144
1117
1257
69
105
1
34
574
1397
33
1644
365
2477
1690
1693
426
27
1994
1682
1862
2225
173
2494
366
1102
162
880
76
2236
31
779
1221
2180
727
1135
1949
1611
519
423
1290
1010
264
1359
1045
1351
494
1904
2443
1376
1181
1105
1688
164
814
921
1078
1240
1291
56
541
2493
1729
1796
2138
1725
443
1232
1573
2274
2296
716
664
768
2115
1297
1406
648
944
1334
155
1017
1019
877
685
2273
1133
176
2354
1986
2401
1014
2045
363
130
2468
941
1617
104
217
1526
1773
1879
1260
1727
214
2007
603
1578
833
2062
379
1795
159
468
2118
1545
2414
1888
2224
302
1160
342
1630
2032
1091
653
1965
662
1987
1036
193
191
2305
2279
2277
2360
2470
1558
2117
606
1285
1054
2109
1519
1069
1642
575
796
329
1601
398
1374
1723
2013
622
625
132
1709
2037
1858
668
2253
1712
482
1638
83
1841
684
602
1672
320
483
190
1272
449
45
1269
223
53
1347
141
475
20
1086
406
279
8
2181
1689
1898
196
408
90
1050
1820
2191
1674
933
1800
825
1805
59
251
352
1427
993
201
898
1113
1016
2015
2458
2011
131
514
420
348
1595
2160
1735
1555
1620
694
1934
1874
1074
2017
2475
1321
2309
1041
498
375
1130
416
2234
2375
2026
29
1162
1320
890
1096
1216
1830
1920
432
2357
1478
1174
1932
1609
589
1764
417
924
2410
912
1696
697
1792
2104
1790
600
2436
2133
1163
1477
425
718
1280
692
1082
587
868
1150
177
834
1629
1983
1569
945
2156
1445
756
528
1032
760
1190
62
1485
2207
1864
775
811
740
350
1699
2168
30
1947
793
41
1468
2257
1635
997
219
1815
1287
1718
1606
1677
1597
353
2208
1786
1412
304
1549
405
273
2426
1488
1825
1119
2292
1570
2372
604
1757
1905
100
1557
511
1383
2380
576
1926
1686
2374
1999
1056
1760
1512
1804
2424
1393
2399
228
2303
2177
2466
22
584
1501
378
1989
376
1497
968
1776
953
2050
2276
545
74
1088
1458
1466
419
1125
1023
2396
1411
1363
792
986
753
472
725
181
2327
1892
1984
936
1806
189
1865
1110
1505
1995
1053
459
1394
2241
800
714
1691
815
1768
2423
803
2246
2451
1034
1654
2201
901
994
79
886
1492
2461
1415
139
444
965
1534
111
1124
1585
873
1720
2337
1584
2264
2185
1420
1349
1793
1329
2041
206
749
1210
1559
617
2103
2385
145
2406
1114
2217
859
1480
434
1588
1244
343
556
2219
515
1514
1880
817
1344
2116
224
532
2189
615
1094
998
992
120
2263
261
493
2228
1895
1661
2226
433
1614
580
1208
1306
1173
293
486
1204
786
135
1301
204
1695
497
882
1973
1389
781
296
1582
1089
2446
905
86
1818
2082
319
1975
133
1755
265
61
1256
1657
395
1398
216
1596
1262
1263
233
2469
1964
2110
1970
307
1861
2122
819
1724
2016
1381
585
1132
2166
200
879
1539
551
1671
2369
676
1025
1223
384
1719
698
1437
1194
221
392
656
368
2086
2145
1164
2329
1047
1026
2312
1538
1736
1590
1839
1030
913
1027
1821
2083
845
678
458
440
1316
1092
563
1001
1112
592
2155
2098
403
1616
1878
2243
1913
1481
1345
2215
2471
513
1579
2106
1701
543
1903
2455
209
522
726
552
2205
290
2242
996
1739
1467
1785
213
276
2413
1388
734
2397
1461
194
1844
1090
2088
1317
1276
1921
138
1408
761
2038
816
87
1946
1255
2250
957
1046
2213
412
503
2137
1840
152
1560
2404
1543
871
885
1943
2438
712
2188
895
166
171
1049
2361
2496
1002
1714
2270
1651
570
1648
601
1348
1566
807
881
1639
1687
1250
1286
1142
1565
830
1561
1733
2335
1356
1759
397
916
197
80
1400
1807
613
1572
1346
1908
1680
431
435
1781
2295
1640
37
641
227
1373
262
1294
1303
32
2077
1143
325
1028
533
1395
1992
2457
1448
1444
1849
2028
2004
292
1937
1828
547
1679
1649
1958
1715
624
745
116
1556
623
787
1323
2039
2278
1430
959
1659
860
1008
963
1031
2254
555
2417
2364
2134
109
660
2212
2299
1767
1536
1993
719
1626
1404
1939
2099
1129
1741
2064
866
2345
1474
1587
75
2344
1774
759
594
2488
2498
1296
2034
657
846
9
1211
540
1600
1607
2203
582
711
520
935
976
1137
627
765
2336
1811
1896
306
2300
491
1583
2204
1189
198
263
112
774
18
446
929
2073
2044
404
2075
1799
2485
1377
1261
989
2079
1907
1547
960
44
14
2054
1282
636
1332
518
2478
1111
750
1127
681
1201
966
783
381
1252
2019
169
1224
932
1628
108
2223
2454
413
1694
1854
2456
442
1065
477
6
1524
1465
2265
1972
113
650
137
1507
1219
295
374
643
211
634
107
2359
1116
608
2444
1242
1856
1610
1866
637
1438
2003
1684
2249
245
3
820
240
1859
2390
1423
743
466
728
2111
665
1055
356
1968
1860
1817
232
2080
1683
1068
1643
2376
1380
1060
2487
2068
1857
2356
2096
1927
275
172
2415
1161
2060
380
229
1586
2186
391
1353
1594
1100
439
2161
1893
2342
326
1923
628
1744
1390
2108
23
2237
1532
1473
2196
900
979
949
1681
742
234
1951
2322
857
1700
1668
1537
730
1454
1018
1599
925
1771
2341
2480
95
1567
1754
73
349
1909
2333
428
1962
618
1623
72
167
456
1632
948
476
359
400
2159
864
952
2055
2187
157
971
1183
1077
1292
1517
872
1692
182
2353
1843
2320
1144
2332
2381
1550
961
790
2420
1295
1529
496
1267
1365
808
1835
2252
1453
185
19
2193
2167
616
599
689
1335
2195
854
382
1877
889
1288
1838
1209
1154
1131
1883
826
1822
1309
544
875
1873
1364
771
84
1713
454
1330
1985
638
92
2460
1853
1734
1976
2025
1637
2373
1326
2452
1155
2315
1812
1283
1020
254
1134
2411
1237
470
1762
117
1087
910
1013
2171
2347
51
524
2002
642
2114
1434
969
1157
1104
899
2183
114
2346
1513
878
2403
1847
1199
733
2238
861
1484
1711
1024
1851
2094
571
1417
1409
713
2331
2057
160
1602
2009
461
242
2065
2500
179
2495
1977
16
330
927
1996
17
1871
2483
991
1095
2272
12
778
1107
1664
2173
43
1407
1072
2129
1275
1029
2459
1367
708
735
1885
298
1149
2267
124
266
2269
911
855
1938
2063
1935
1902
1399
1742
954
1139
1933
450
797
2318
2231
1152
1936
1108
1197
52
1274
485
1300
2162
982
722
1289
1462
1470
1239
772
1188
4
1011
2367
789
1931
517
809
1608
1837
1901
2194
1665
418
1251
2462
2405
1791
1079
1533
995
244
981
85
893
93
1667
1258
1370
1991
315
1360
843
1083
2384
2059
78
2020
394
282
10
669
2190
835
1379
154
2005
257
1515
1779
203
268
2102
2355
2389
1182
88
2467
1343
1253
2323
675
1922
2018
1886
909
1493
1214
987
1314
764
1455
773
947
123
1605
2284
1433
612
1527
1955
2024
922
2128
297
2165
389
917
436
964
876
2409
2125
77
1432
243
1457
663
2394
1177
1518
839
252
1562
2035
236
1647
2313
122
1794
1460
7
2499
5
2330
1479
1612
2174
1658
184
1447
1809
635
1737
1249
598
2294
897
2245
1551
1891
2036
301
1499
1925
654
1581
438
401
2127
183
1870
747
683
103
2210
591
1426
1819
2445
972
505
1202
402
281
1763
2049
1226
1270
688
1969
841
546
1324
1471
1401
322
1307
729
626
1619
180
529
2123
2440
1118
2126
462
127
323
891
2087
955
1814
1863
2091
21
821
487
2427
2218
1653
1165
2095
2085
287
2491
739
1745
2030
1281
754
499
526
1042
336
2304
441
1442
1708
1308
1803
1875
2078
2232
1787
671
647
1915
367
1193
1040
525
2216
667
57
1509
308
1038
409
2022
246
383
798
2184
710
2448
762
2090
1604
1368
1574
249
339
2302
1489
148
2325
2490
1145
978
2266
652
1546
2476
1098
2148
2282
15
2182
1230
1003
2132
1884
2428
1235
1491
2439
188
1153
2472
702
492
984
566
1780
1706
324
126
2023
156
98
1685
577
2056
832
1205
537
940
2412
1782
2343
2150
277
2084
788
1009
1006
2147
521
852
1322
1278
1634
687
2097
237
2010
1894
1627
1339
2321
143
344
990
1293
983
2352
512
1660
1277
149
1703
1063
856
1911
1598
741
2382
129
187
645
560
2293
1979
430
1062
1832
2286
2042
2081
285
791
118
776
1717
1997
274
2029
621
1168
481
649
831
758
2256
1061
1618
422
1487
706
865
837
410
1128
1099
2365
2076
633
755
1382
896
165
1621
1428
557
1751
81
489
531
1775
202
1670
299
1506
2141
480
1531
1889
48
1217
212
1666
523
1486
1218
1414
231
510
1304
1827
674
1052
887
1982
695
609
1801
2157
720
1523
372
737
883
1310
2033
862
2130
973
1340
2311
147
1500
1122
1542
49
631
2431
1960
1167
2259
1456
1740
1206
1563
903
838
1957
452
822
2442
874
2437
89
1721
2368
2089
303
799
2124
361
1004
746
355
2113
2489
2349
611
1769
828
1215
309
2370
469
447
1475
175
1048
1868
1956
2031
346
507
2021
1716
962
1624
2197
39
1770
1495
2362
2386
1511
1386
1528
1358
902
1826
1172
1575
2334
358
1265
1867
427
701
805
1988
1070
354
1482
548
813
542
1655
2170
1704
1731
1918
1357
2220
2418
1333
2363
1758
985
1789
1650
347
1203
707
1593
2051
2248
659
1000
565
1652
578
558
975
1472
2419
478
550
2447
2449
1327
