chromosome	start	end	summit
chr1	33150	33409	33276
chr1	35520	35729	35626
chr1	37930	38129	37996
chr1	38330	38759	38446
chr1	44280	45269	44566
chr1	61500	62329	62046
chr1	69790	70419	70246
chr1	71340	71699	71636
chr1	72220	74559	73226
chr1	78520	80059	79126
chr1	84840	86079	85506
chr1	86280	86659	86366
chr1	94900	95099	95026
chr1	199480	199779	199566
chr1	243830	244249	244156
chr1	294220	294489	294366
chr1	325770	326389	326026
chr1	364110	365239	364596
chr1	463900	463979	463956
chr1	473340	473759	473576
chr1	562290	562989	562686
chr1	649630	650169	649906
chr1	714240	715159	714766
chr1	764620	765669	765296
chr1	876030	876399	876196
chr1	901840	902609	902236
chr1	964770	965309	965206
chr1	1026400	1027719	1026986
chr1	1078820	1079749	1079496
chr1	1083350	1083929	1083796
chr1	1090060	1090139	1090136
chr1	1095740	1096349	1095916
chr1	1150220	1150379	1150326
chr1	1190700	1191009	1190916
chr1	1195720	1196589	1196186
chr1	1254480	1255269	1255056
chr1	1274620	1274999	1274866
chr1	1443200	1444189	1443646
chr1	1476310	1476699	1476526
chr1	1508660	1509499	1509116
chr1	1573030	1573699	1573356
chr1	1574590	1575019	1574906
chr1	1599130	1599259	1599216
chr1	1664240	1665299	1664426
chr1	1707670	1708329	1707906
chr1	1733950	1734539	1734266
chr1	1827320	1827479	1827476
chr1	1833770	1834549	1834206
chr1	1893880	1894969	1894266
chr1	1953450	1953859	1953656
chr1	1974710	1974939	1974846
chr1	2041740	2042009	2041856
chr1	2095980	2096069	2095986
chr1	2139250	2139639	2139486
chr1	2194020	2194309	2194026
chr1	2227480	2228029	2227836
chr1	2249410	2249889	2249616
chr1	2279860	2280279	2280086
chr1	2304190	2304329	2304286
chr1	2335980	2336169	2335986
chr1	2339340	2339709	2339376
chr1	2398240	2399159	2398726
chr1	2405270	2405839	2405666
chr1	2438600	2438789	2438696
chr1	2441600	2441839	2441776
chr1	2442190	2442289	2442286
chr1	2489230	2489689	2489406
chr1	2525150	2525579	2525326
chr1	2577850	2578489	2578156
chr1	2642410	2643329	2642896
chr1	2662700	2663629	2663306
chr1	2718860	2720019	2719416
chr1	2760890	2761879	2761526
chr1	2802900	2803739	2803416
chr1	2882520	2882999	2882766
chr1	2959640	2960189	2959926
chr1	3009930	3010049	3009936
chr1	3021930	3022259	3022106
chr1	3059390	3060369	3059916
chr1	3158120	3158579	3158336
chr1	3183460	3184859	3184446
chr1	3245930	3246219	3245936
chr1	3269670	3269839	3269836
chr1	3320220	3321379	3320886
chr1	3404150	3405269	3404946
chr1	3410080	3410809	3410226
chr1	3443380	3443639	3443536
chr1	3497590	3498449	3497926
chr1	3548520	3548669	3548606
chr1	3576090	3577199	3576616
chr1	3634360	3635169	3634786
chr1	3699980	3700549	3700356
chr1	3735930	3736489	3736236
chr1	3839970	3840679	3840476
chr1	3852170	3852699	3852386
chr1	3876210	3876429	3876336
chr1	3877740	3878589	3877976
chr1	3897580	3897959	3897646
chr1	3952410	3953319	3952646
chr1	3991540	3992129	3991646
chr1	3994920	3995329	3995276
chr1	4018550	4019609	4018866
chr1	4071220	4071959	4071516
chr1	4087570	4088529	4088136
chr1	4184480	4184899	4184896
chr1	4253690	4254359	4254036
chr1	4274400	4275199	4274986
chr1	4325890	4326379	4325896
chr1	4414230	4415169	4414556
chr1	4438460	4439019	4438726
chr1	4453230	4453349	4453346
chr1	4483500	4483739	4483656
chr1	4532860	4533389	4533176
chr1	4603710	4604829	4604586
chr1	4652000	4652839	4652636
chr1	4706240	4706859	4706626
chr1	4739190	4739699	4739526
chr1	4778190	4778869	4778816
chr1	4852290	4852759	4852556
chr1	4916190	4916669	4916396
chr1	4962840	4963799	4963226
chr1	5024120	5024789	5024616
chr1	5045210	5045699	5045396
chr1	5096040	5096979	5096646
chr1	5155250	5155839	5155646
chr1	5177620	5177709	5177676
chr1	5233680	5233859	5233796
chr1	5253150	5253219	5253156
chr1	5271260	5271789	5271566
chr1	5321820	5321929	5321836
chr1	5392470	5393299	5393066
chr1	5447620	5448499	5448056
chr1	5475730	5476169	5475866
chr1	5497720	5498179	5497936
chr1	5500710	5502049	5501266
chr1	5503830	5504089	5503906
chr1	5514990	5515659	5515516
chr1	5520450	5521259	5520986
chr1	5524260	5524849	5524546
chr1	5526040	5526769	5526226
chr1	5528740	5530259	5529396
chr1	5530970	5533109	5532706
chr1	5536350	5537739	5537176
chr1	5539760	5540189	5539926
chr1	5542840	5545829	5544966
chr1	5546050	5546129	5546086
chr1	5546350	5549049	5547226
chr1	5550080	5553089	5550536
chr2	42010	42669	42156
chr2	42960	44999	44476
chr2	51940	53189	52926
chr2	66170	66999	66896
chr2	74200	74719	74366
chr2	89390	90649	89526
chr2	110150	110949	110336
chr2	140780	141079	141036
chr2	150980	151189	151146
chr2	200940	201399	201186
chr2	203550	203939	203876
chr2	257990	258739	258286
chr2	277520	277809	277696
chr2	314690	315299	315126
chr2	325440	326279	325956
chr2	331650	332529	332256
chr2	453440	453919	453536
chr2	519470	520309	519826
chr2	569370	570189	569806
chr2	602760	603519	602926
chr2	636690	637019	636696
chr2	673610	673889	673856
chr2	744850	746129	745476
chr2	803320	803869	803756
chr2	823260	823959	823596
chr2	891530	891899	891656
chr2	948000	949169	948666
chr2	956800	957479	957136
chr2	1079540	1079729	1079706
chr2	1104960	1105939	1105406
chr2	1141220	1142069	1141716
chr2	1155860	1156289	1155966
chr2	1244150	1244299	1244206
chr2	1254580	1254879	1254786
chr2	1264530	1264819	1264796
chr2	1265950	1266549	1266366
chr2	1268320	1268429	1268376
chr2	1277240	1277769	1277476
chr2	1308880	1309019	1308946
chr2	1312240	1313039	1312966
chr2	1388980	1389359	1389136
chr2	1443040	1444249	1443686
chr2	1456240	1457269	1456686
chr2	1545070	1545669	1545206
chr2	1588780	1589389	1588926
chr2	1716850	1716989	1716946
chr2	1749950	1750309	1750146
chr2	1778280	1778809	1778606
chr2	1803990	1805549	1805006
chr2	1867660	1868559	1868156
chr2	1941190	1941529	1941436
chr2	1952500	1952899	1952756
chr2	2022060	2022989	2022666
chr2	2031590	2031919	2031716
chr2	2051370	2052309	2051896
chr2	2069520	2070049	2069756
chr2	2104110	2105029	2104566
chr2	2114130	2114559	2114286
chr2	2115180	2115339	2115276
chr2	2117170	2118189	2117366
chr2	2129050	2129209	2129146
chr2	2130420	2132899	2131996
chr2	2133530	2133729	2133656
chr2	2134720	2135929	2135606
chr2	2136160	2136339	2136246
chr2	2137140	2137509	2137436
chr2	2185280	2185999	2185806
chr2	2265440	2265499	2265466
chr2	2318670	2319249	2319016
chr2	2339390	2339659	2339586
chr2	2410370	2410839	2410816
chr2	2442780	2444199	2443026
chr2	2498620	2498779	2498726
chr2	2523220	2523679	2523496
chr2	2552520	2553249	2552896
chr2	2580570	2581489	2581066
chr2	2593340	2593779	2593776
chr2	2670450	2671529	2670826
chr2	2738170	2738839	2738366
chr2	2790320	2791259	2790686
chr2	2798510	2799399	2799006
chr2	2807200	2807419	2807316
chr2	2827540	2827919	2827766
chr2	2828850	2828999	2828856
chr2	2900370	2900709	2900706
chr2	2938710	2939629	2939116
chr2	2986270	2986849	2986646
chr2	3008140	3008449	3008316
chr2	3097100	3098169	3097836
chr2	3152740	3153149	3152836
chr2	3175550	3176339	3175936
chr2	3199390	3199839	3199636
chr2	3236030	3236219	3236156
chr2	3237520	3237969	3237806
chr2	3286620	3287549	3287236
chr2	3380350	3380439	3380356
chr2	3422240	3422849	3422356
chr2	3490850	3491709	3491236
chr2	3512880	3513299	3513026
chr2	3634650	3635249	3634876
chr2	3659530	3659589	3659576
chr2	3681290	3681489	3681386
chr2	3762060	3762569	3762556
chr2	3814750	3815329	3815186
chr2	3838620	3839469	3839066
chr2	3937930	3938669	3938386
chr2	4019330	4019779	4019376
chr2	4029540	4029869	4029866
chr2	4107020	4107689	4107356
chr2	4139440	4140029	4139766
chr2	4201980	4203019	4202466
chr2	4225960	4226159	4226066
chr2	4251780	4252079	4251786
chr2	4292020	4292749	4292266
chr2	4438630	4438989	4438886
chr2	4439990	4440569	4440336
chr2	4451510	4452379	4452056
chr2	4454050	4454389	4454236
chr2	4468140	4469219	4468966
chr2	4473560	4474049	4473976
chr2	4475250	4475489	4475346
chr2	4476900	4477419	4477186
chr2	4477610	4478179	4477936
chr2	4490340	4492209	4490766
chr2	4493990	4494389	4494106
chr2	4494540	4494809	4494696
chr2	4496940	4497259	4497146
chr2	4498460	4499799	4499476
chr3	24780	25299	25186
chr3	25760	25979	25896
chr3	34700	35689	35176
chr3	76070	76519	76316
chr3	123230	123599	123236
chr3	206560	207509	207026
chr3	231050	232369	231946
chr3	286530	286849	286546
chr3	369360	370459	369746
chr3	397690	398659	397926
chr3	505220	505819	505516
chr3	518190	519259	518946
chr3	565400	565499	565416
chr3	574610	575279	574836
chr3	604810	605309	605036
chr3	642830	643609	643056
chr3	666340	666629	666346
chr3	719460	720099	719896
chr3	763950	764169	764006
chr3	765550	765649	765556
chr3	820590	821119	820966
chr3	853440	853999	853776
chr3	936450	937089	936866
chr3	971320	972579	972056
chr3	985420	986239	985766
chr3	1039360	1039789	1039516
chr3	1193550	1193899	1193716
chr3	1252380	1253199	1252986
chr3	1322310	1323669	1322856
chr3	1370180	1370929	1370596
chr3	1396140	1396199	1396166
chr3	1409930	1410859	1410296
chr3	1416280	1417189	1416786
chr3	1447680	1448719	1448276
chr3	1510610	1510819	1510676
chr3	1531020	1531249	1531156
chr3	1575330	1576069	1575906
chr3	1593860	1595179	1594196
chr3	1608160	1609049	1608466
chr3	1683910	1684189	1684186
chr3	1689220	1689629	1689366
chr3	1718430	1719389	1718666
chr3	1721180	1721629	1721386
chr3	1722380	1722669	1722486
chr3	1723360	1724019	1723686
chr3	1753130	1754039	1753706
chr3	1821670	1822689	1822136
chr3	1843970	1844739	1844226
chr3	1866500	1867059	1866876
chr3	1928600	1929079	1928796
chr3	1967830	1968899	1968436
chr3	2034900	2035589	2035486
chr3	2059540	2059609	2059546
chr3	2066940	2067819	2067506
chr3	2106930	2107689	2107406
chr3	2200060	2201199	2200746
chr3	2275580	2276789	2276236
chr3	2308200	2308709	2308546
chr3	2381950	2382609	2382166
chr3	2438110	2438569	2438216
chr3	2438800	2439329	2438926
